[header]
width=100
height=10
tilewidth=80
tileheight=80

[tilesets]
tileset=../assets/images/blocks/box.png,80,80,0,0
tileset=../../battle-city/image/blocks/brick block.png,40,40,0,0
tileset=../assets/images/blocks/center.png,80,80,0,0
tileset=../assets/images/blocks/earth.png,80,80,0,0
tileset=../assets/images/blocks/stop.png,80,80,0,0
tileset=../assets/images/blocks/water.png,80,80,0,0

[layer]
type=Слой тайлов 1
data=
1,0,0,0,0,0,0,0,0,0,0,0,0,0,0,0,0,0,0,0,0,0,0,0,0,0,0,0,0,0,0,0,0,0,0,0,0,0,0,0,0,0,0,0,0,0,0,0,0,0,0,0,0,0,0,0,0,0,0,0,0,0,0,0,0,0,0,0,0,0,0,0,0,0,0,0,0,0,0,0,0,0,0,0,0,0,0,0,0,4,4,4,4,4,4,3,3,3,3,3,
1,0,0,0,0,0,0,0,0,0,0,0,0,0,0,0,0,0,0,0,0,0,0,0,0,0,0,0,0,0,0,0,0,0,0,0,0,0,0,0,0,0,0,0,0,0,0,0,0,0,0,0,0,0,0,0,0,0,0,0,0,0,0,0,0,0,0,0,0,0,0,0,0,0,0,0,0,0,0,0,0,0,0,0,0,0,0,0,0,3,6,3,3,3,3,3,3,3,3,3,
1,0,0,0,0,0,0,0,0,0,0,0,0,0,0,0,0,0,0,0,0,0,0,0,0,0,0,0,0,0,0,0,0,0,0,0,0,0,0,0,0,0,0,0,0,0,0,0,0,0,0,0,0,0,0,0,0,4,4,4,4,4,4,0,0,0,0,0,0,0,0,0,0,0,0,0,0,0,0,0,0,1,0,0,0,0,0,0,0,3,6,6,0,0,0,0,0,0,0,0,
1,0,0,0,0,0,0,0,0,0,0,0,0,0,0,0,0,5,0,0,0,0,0,0,5,0,0,0,0,0,0,5,0,0,0,0,5,0,0,0,0,0,0,0,0,0,0,0,0,0,0,0,0,0,0,1,0,6,3,3,3,3,3,0,0,0,0,0,0,0,0,0,0,0,0,0,0,0,0,0,1,0,0,0,0,0,0,0,0,0,0,6,6,6,0,0,0,0,0,0,
1,0,0,0,0,0,0,0,0,0,0,0,0,0,0,0,0,0,4,4,4,4,4,4,0,0,0,0,1,1,0,0,4,4,4,4,0,5,0,0,0,0,5,0,5,0,0,0,0,5,0,0,0,1,0,0,0,6,6,3,3,3,0,0,1,1,0,0,0,0,0,0,5,0,0,5,0,0,1,0,0,0,0,0,0,0,0,0,0,1,1,1,1,6,6,0,0,0,0,0,
1,0,0,0,0,0,0,0,0,0,0,0,0,0,1,0,1,0,0,3,3,6,6,0,0,1,1,0,0,0,0,0,0,3,3,0,0,0,4,4,4,4,0,0,0,4,4,4,4,0,0,1,0,0,0,0,0,6,0,0,0,0,0,0,1,1,0,1,1,0,1,1,0,1,1,0,0,1,1,0,0,0,0,0,0,0,0,0,1,1,0,0,1,1,6,0,0,0,0,0,
1,0,4,4,4,4,0,0,1,1,0,1,1,0,0,0,0,0,0,0,3,3,6,0,0,0,0,0,0,0,0,0,0,0,0,0,0,0,0,3,3,0,0,0,0,6,3,3,0,0,0,0,0,0,0,0,0,6,0,0,0,0,0,0,0,0,0,1,1,0,1,1,0,1,1,0,0,0,0,0,0,0,0,0,0,0,0,0,1,0,0,0,0,1,6,0,0,0,0,0,
1,0,0,3,3,6,0,0,1,0,0,1,1,0,0,0,0,0,0,0,0,0,6,0,0,0,0,0,0,0,0,0,0,0,0,0,0,0,0,0,0,0,0,0,0,6,0,0,0,0,0,0,0,0,0,0,0,6,0,0,0,0,0,0,0,0,0,0,0,0,0,0,0,0,0,0,0,0,0,0,0,0,0,0,0,0,0,0,0,0,0,0,0,1,6,0,0,0,0,0,
1,0,0,0,0,6,0,0,0,0,0,0,0,0,0,0,0,0,0,0,0,0,6,0,0,0,0,0,0,0,0,0,0,0,0,0,0,0,0,0,0,0,0,0,6,6,0,0,0,0,0,0,0,0,0,0,6,6,6,0,0,0,0,0,0,0,0,0,0,0,0,0,0,0,0,0,0,0,0,0,0,0,0,1,1,1,0,0,0,0,0,0,0,1,6,6,0,0,0,0,
6,6,6,6,6,6,6,6,6,6,6,6,6,6,6,6,6,6,6,6,6,6,6,6,6,6,6,6,6,6,6,6,6,6,6,6,6,6,6,6,6,6,6,6,6,6,6,6,6,6,6,6,6,6,6,6,6,6,6,6,6,6,6,6,6,6,6,6,6,6,6,6,6,6,6,6,6,6,6,6,6,6,6,6,6,6,6,1,1,1,1,1,1,1,6,6,6,6,6,6

